tensor_dense_3kernel 16
-0.128038168 0.719761133 0.249480382 0.629528701 0.160114929 -0.504032731 -0.407580823 -0.0271373391 0.38158235 0.327934057 0.665318429 -0.378867537 0.621146441 -0.313703775 -0.432564557 -0.334162056
tensor_dense_2bias 8
0 0.00470494898 -0.00253177155 0 -0.00471921079 -0.00513703376 -0.0048509757 0.00223728106
tensor_dense_3bias 2
-0.00513808616 0.00513808662
tensor_dense_2kernel 128
0.322604179 -0.482389212 0.291725039 -0.0460544825 0.27573362 -0.110527135 -0.0679946244 0.373333693 -0.287585855 0.244582638 0.157445073 -0.221131206 0.12054912 -0.493758917 -0.317685246 -0.103260525 0.0490204096 0.352084965 -0.405490965 0.114107728 -0.386929154 0.100395612 0.150533587 0.418693095 -0.350764513 0.460857868 -0.473178625 -0.346671104 0.408595562 -0.158042192 0.0484830141 0.0813218355 -0.0640957355 0.200900808 0.174905539 -0.135641456 -0.134521514 0.228116527 -0.163467333 0.280731171 -0.449831605 0.120140053 -0.145447016 -0.2574929 0.347494692 0.406859487 0.010691965 -0.0867538601 0.350860834 0.131105542 0.201630831 -0.16880548 0.0801100731 0.43553865 0.114594698 0.0368353128 -0.0473752022 -0.142790005 0.0380362011 -0.163068056 -0.410424262 -0.369932026 -0.295093387 0.06444747 0.380526066 0.453488588 0.222335577 0.158806801 0.178659081 0.422570229 0.191167235 0.067350626 0.389289498 -0.31483835 -0.0243026018 -0.0192611217 0.204867989 -0.133516774 -0.334560633 0.0999733657 0.20125854 0.169764191 -0.0643754005 -0.176348567 0.410271257 0.418472916 0.249760717 -0.189255476 -0.389313698 0.432984948 -0.116999269 0.335255027 -0.488369823 -0.0105420351 0.485232234 0.420582175 0.278555036 0.328864902 0.211758509 -0.122915149 0.119799584 0.0466667563 0.357511938 -0.0197021551 -0.332721949 -0.0954316854 0.242144063 -0.251962185 -0.482521653 0.495653808 0.0392584801 0.136484385 -0.0404230356 -0.439461261 -0.421819389 -0.289181948 -0.165667593 0.114643484 -0.0766119137 -0.377854884 0.281433702 -0.123746157 -0.028067112 -0.000760197639 0.0882127285 0.011054635 0.407001734 0.162138581
tensor_dense_1bias 16
-0.00226129522 -0.00327836396 -0.00204115431 0 0.000398198725 -0.004714977 0 0.00229777233 0 0.00457890751 -0.00438840315 0 -0.0045346804 -0.00354441302 -0.00499448599 0
tensor_dense_1kernel 512
0.119511597 -0.123495579 -0.110778272 -0.147878453 0.301152498 0.0552221909 -0.277666718 -0.160272956 0.0217377543 0.256632417 0.17980808 0.261008948 0.211253703 -0.271411002 0.0679774731 -0.215962633 0.0263436362 0.111585774 0.053415101 -0.0838833451 0.245089009 0.019361075 -0.0917052925 -0.152908102 -0.225854337 0.332609951 -0.331095904 0.112533927 0.0777415037 -0.300357908 -0.197887495 0.156741709 -0.140586242 -0.158005491 -0.0149213383 0.246373266 0.242540643 0.157974094 0.0715483129 0.328710258 -0.349845648 0.0246916395 -0.0609185025 -0.0308354795 -0.25939852 -0.0365325473 0.285551041 -0.273785323 0.182017669 0.242753819 -0.0730084032 0.0421407819 0.0669328794 0.318037003 0.0356350839 0.281407803 0.22016862 -0.0353543684 0.314722985 -0.0359027982 -0.128639832 -0.050653249 -0.155916482 -0.213621378 -0.183781967 0.281773329 0.140842557 0.0441105664 0.214116946 0.277697235 0.227819711 -0.336512774 0.145943224 0.262650967 0.0698659122 -0.252079546 0.31557402 -0.23234655 -0.092908591 0.0620867014 -0.0795135796 0.250514299 0.295897573 0.27869013 0.217373103 -0.147239849 -0.0510528088 0.128721625 -0.100323141 0.234807938 0.284917384 -0.231087461 0.18213895 -0.0618923903 0.295001298 0.198708028 -0.204388097 -0.0262208283 0.276401281 -0.230735362 0.0720143765 -0.128514007 -0.231684595 -0.26502797 -0.0901601017 0.0745658875 -0.289583504 0.197495311 0.0275383443 0.26375708 -0.189403832 0.353459984 -0.0856079087 -0.106936015 -0.175567299 0.0665429533 -0.270968616 0.316433907 -0.177013308 -0.0529383868 -0.0855095387 -0.260800213 -0.104887709 0.163156003 -0.0304369126 -0.244728446 0.239699036 0.0475656688 0.291746408 -0.00180993904 -0.233751625 -0.159815028 -0.116780788 0.163998187 -0.0804650784 -0.00792874675 -0.287469476 -0.329484135 -0.109080397 -0.256440222 -0.099376224 0.119487226 -0.065973945 -0.320005685 -0.168835089 -0.0592302419 -0.298529536 -0.287994295 -0.290167928 -0.319011271 0.102276504 -0.349711418 -0.183014095 0.0616170429 -0.310392976 -0.225250453 0.206121564 0.149515599 -0.0993899629 0.291693836 0.17981413 0.187401563 0.103670537 -0.0195280612 -0.25706923 0.304814368 -0.00707569718 0.228298694 0.0341030359 -0.0201802552 0.0191170573 0.134771705 0.212434679 -0.313702703 0.212864786 -0.290787369 -0.164438948 0.0672311634 0.191021219 -0.117522523 -0.29782182 -0.223825827 0.0295405686 -0.177288145 -0.084009707 0.0055041681 0.260079265 -0.30521661 0.272848308 0.207724109 -0.189196452 0.0774492919 -0.280056 -0.187498674 -0.0338149257 0.156814843 -0.273486137 -0.280507326 -0.15992327 -0.126092926 0.332924336 0.04135352 0.149052456 0.329951972 -0.0582685769 -0.211388633 0.0933750048 -0.240966514 0.292044044 -0.304148167 0.198263094 -0.126901716 0.147081211 -0.255216748 0.090806067 -0.322602302 0.325064331 -0.136203945 0.271365434 0.195953995 0.140946105 -0.0981040671 0.13277325 0.305569619 0.0137588186 -0.282931536 0.120251298 0.0878726244 -0.0421187021 0.258811325 -0.339354098 -0.118671529 -0.236058846 -0.0919004753 0.186433032 0.116997957 -0.336165547 -0.186372682 -0.216561347 0.274015099 -0.040090356 -0.0528559275 0.0951499492 0.336650044 -0.0789405107 -0.0017677471 -0.330371201 -0.149977565 -0.277595162 0.0457094125 -0.318988115 -0.0341426432 -0.296247095 -0.138626739 0.056948632 -0.0816923976 -0.0423421748 0.151582927 -0.340952992 0.0695825815 0.0352921002 0.041293297 0.0928226113 0.200575575 0.231926411 -0.309682459 0.0582412817 0.12554872 0.16538842 0.198497653 0.0456698164 -0.203369752 0.0619046986 -0.17463766 0.161431581 -0.256952882 -0.0706992149 0.195004001 -0.156882286 0.331701785 0.101364523 0.0967673734 -0.248768881 -0.207530826 -0.242436647 -0.209577724 0.0402136184 -0.338760018 0.112262249 0.297106951 0.270047754 0.0436861217 0.310072273 -0.0955280364 -0.335478038 -0.215981528 -0.0832473636 -0.127903879 0.0235802233 0.347049683 -0.182309642 0.124985039 -0.153521746 0.0596109033 0.184295803 -0.0603797436 -0.087942183 0.216218799 0.329496294 0.235056788 -0.341633677 0.288284868 -0.226915672 -0.263241529 -0.188794449 -0.118970603 0.0753608346 0.202940851 -0.079826206 -0.173309103 0.225622743 0.186094731 0.276079148 0.140644044 -0.0912686139 0.0565762445 0.136435658 0.190260708 -0.352289826 0.126510978 0.326567501 -0.197487399 0.0125573846 -0.0062147025 0.304339558 0.120661616 0.0104585979 -0.206118152 0.32569316 -0.339880764 -0.180648133 0.324370205 -0.228472918 0.169437245 0.319269985 -0.275042325 -0.171221867 -0.174531028 0.205698401 0.295331359 0.112782657 -0.135439903 0.210107103 -0.195067167 0.0857069641 0.06885463 0.107099697 -0.0429500677 -0.300386488 0.0668660849 0.121229917 0.0970742628 0.239660069 -0.215434209 -0.336315513 -0.287457079 -0.201026872 0.0869636238 -0.202025682 -0.082224369 -0.0201915503 0.127997875 0.174728543 0.0838834345 -0.211322188 -0.266827404 0.346647769 0.268709153 0.307314068 -0.201550856 -0.208472982 0.234376341 -0.180104941 -0.267812461 -0.129004717 0.269537717 0.0441601239 -0.0432063341 0.0579483025 -0.0546788238 -0.19689405 -0.315836012 0.239294738 -0.0316076949 -0.013791942 -0.139192834 -0.231635079 0.0229492765 0.0347515531 -0.333636135 0.127096355 -0.210906699 0.301812679 0.036046505 -0.0462872684 -0.258136809 0.0148816407 -0.0781966448 0.0956126451 -0.0749962628 0.0561009049 0.19255808 0.0114740431 -0.195221916 -0.160099015 -0.279077291 0.323712677 -0.348326087 0.153392687 -0.194952101 -0.215885594 0.0618851483 0.172150344 0.351281643 0.0737757683 0.176665276 -0.0290745795 0.319313616 -0.140116841 0.276714832 0.148744687 -0.241037741 -0.0849409997 0.182460219 -0.249860764 0.06678918 0.338854343 -0.235175788 0.334662765 0.126395375 -0.244105518 -0.334767193 0.324489444 -0.073946476 0.183355659 0.3422378 -0.169234008 0.104609162 0.257185936 0.0779967234 0.132603586 0.0179479718 -0.0165401492 0.336290568 0.172365576 -0.220556661 -0.197113812 -0.056693349 0.147488564 -0.0804905295 0.0547506325 -0.195579499 0.310946733 -0.0288662016 0.335516661 -0.0593978763 -0.236131519 -0.107762992 0.0484218299 -0.13222672 -0.16454947 -0.265737981 -0.244588017 -0.214855522 0.0461781025 0.207045823 0.288801819 -0.0199876428 -0.145009011 0.122402459 -0.322437644 -0.0798925459 -0.31667912 0.183285505 0.332165629 -0.157651037 0.243886262 -0.0214041173 0.315291911 0.149400562 -0.329861224 -0.227576122 -0.197932139 0.234066755 0.116908103 0.246233791 -0.244008541 -0.160457388 -0.293130994 0.0268761218 -0.123220913 0.043046888 -0.111629978 0.200839132 0.0139160454 0.124339119 -0.255537271 0.306495994 -0.116308488 -0.051638484 -0.338365257 0.23670873
tensor_densebias 32
-0.0047117197 0.00555208977 0.00192027795 -0.00508158328 0.00430615013 0 0.0036226192 -0.00470620161 -0.00284614018 0.00190620299 0 -0.00268602883 0.00472485973 -0.000687937019 -0.00389187643 0.00538895978 -0.00515733846 0.00439591799 0 0 -0.00398938917 -0.00477326335 0.00471037626 0 0.00195599813 0 0.00359530281 0 -0.00489182537 0 0 0.000261007575
tensor_densekernel 128
-0.11284408 0.290001541 0.10703963 0.329830945 0.148499116 -0.219586432 -0.278621793 0.316451669 -0.224542737 0.384248018 -0.162040636 -0.0528630316 -0.0380983874 -0.00258399243 -0.067375958 -0.0961205587 0.312518835 -0.285393715 0.0507894456 0.0506904721 0.156942621 0.181009576 0.269179195 -0.131886572 -0.23197791 -0.203271016 0.0828387067 -0.153793126 -0.0522679053 -0.24551484 -0.227071419 0.0985888615 0.117484391 -0.096620746 0.149618953 -0.319251448 -0.400749773 0.0505476892 -0.0463715084 -0.273636937 -0.246240616 0.113306612 0.00111067295 0.245449349 0.038936004 0.0102367755 -0.17832686 0.396553844 0.227884784 0.0646687001 -0.0259368718 -0.317863286 0.180217281 0.121506497 -0.0986890271 -0.18646203 0.152906597 -0.358287275 0.043030031 0.00503507257 -0.0341285542 -0.345488429 -0.359115481 -0.335571229 0.375282526 0.405757546 0.315418005 0.394392759 0.262274563 -0.304722309 0.342856169 -0.175988123 0.287607402 0.249725163 0.110951483 -0.0473561175 -0.111040212 0.265310436 0.166363552 0.187940568 -0.098871842 0.0197876561 0.0947791338 -0.195445657 0.0339707918 0.149400413 -0.074766323 -0.355102092 -0.0257147346 -0.179121003 -0.271422297 0.109766245 -0.12332502 -0.402081996 -0.156263173 0.210009933 0.272091746 0.159434125 -0.000685391016 0.334575534 -0.0361967199 0.0380477607 -0.0154638914 0.288914174 0.226365924 -0.289377123 -0.01885584 0.318532228 0.308024377 -0.339330912 0.300282329 -0.090960443 -0.12487822 0.119070098 -0.25123468 -0.350633293 -0.17361261 0.163341433 0.0404151939 -0.327477753 0.181985289 0.00680521131 -0.140652612 -0.241546243 0.38460201 0.38776058 -0.162344903 0.0700840652
