tensor_4weight 16
0.194631889 0.148154512 0.290077031 -0.15272969 0.124880977 -0.320003778 -0.150949657 0.207942829 0.353260249 -0.0218974706 0.277288884 0.0510422438 -0.0772120357 -0.00585826533 -0.0768569559 -0.164043859
tensor_2bias 8
0.241254196 0.0390669294 -0.0462876931 0.0781467631 0.0989477932 0.177738667 -0.13804327 -0.0293829422
tensor_4bias 2
0.244992808 0.128662065
tensor_2weight 128
0.236894384 -0.0737413988 0.067010656 0.0937295333 0.155235052 0.134357378 0.128201708 0.0316424109 -0.117252417 -0.206805944 0.219847217 -0.0958583504 0.0116059305 -0.135561794 -0.0925884619 -0.0388623662 -0.0745059103 0.127610579 -0.0831131786 0.195922092 0.18704161 0.0848133489 0.0556994341 0.194207966 0.075700514 -0.0588047691 -0.188164487 -0.227803305 -0.223865047 0.0616627485 0.0998425707 -0.00260402844 0.0985248387 0.0657967851 0.166124448 0.131084815 0.186964512 -0.0873872861 0.11148309 -0.00672839629 -0.203879923 -0.127701074 -0.152261913 0.0742588863 -0.00871350523 0.0551518388 -0.0596954525 -0.15758799 -0.107590407 -0.218516588 -0.129461795 0.0309177209 -0.0832555145 0.142853677 0.0941125453 -0.188507885 -0.141229972 -0.10600099 0.23413904 -0.0751392767 0.0320120417 -0.0322272591 -0.00752202654 0.0146070737 0.152709767 -0.117650717 0.0347921513 -0.134553567 0.247689381 -0.133321255 0.0429918617 0.0268304739 -0.0172109455 0.138494834 -0.146730259 0.176718906 -0.063159883 0.0448911265 -0.0390841812 -0.118552975 -0.00851469021 0.111776039 0.223743528 -0.0938386917 0.000438691262 -0.183246851 0.0518026911 0.110695295 -0.0740220472 0.0878258571 0.222524941 -0.0694297031 -0.133650422 0.234106049 -0.208395645 -0.173909307 0.124585003 -0.0691736192 0.150789291 -0.249485075 -0.0532239228 -0.132334545 -0.101910248 0.119725734 0.0660431981 -0.029401755 -0.0164907482 -0.0586534292 -0.170267075 0.0778729022 -0.236628518 0.164383218 -0.1849145 -0.0773769468 0.116546884 -0.074192673 0.148302376 -0.0495563261 0.0655338541 0.179754585 -0.135712042 -0.162182808 -0.218917221 -0.139457747 -0.0853457525 -0.136545122 0.246244222 0.178346559
tensor_0bias 16
-0.144488677 0.155928358 -0.103085056 -0.0913167596 -0.0806453004 0.173440322 -0.0777957439 0.0594672337 0.0949888378 -0.0798439309 0.0875777081 -0.129061788 0.127119899 0.0530313291 -0.0512155257 0.0881125703
tensor_0weight 512
0.1666926 0.126488701 -0.0826840848 -0.174533024 -0.0999015123 -0.035313677 -0.0506882221 0.00469536847 0.159961164 0.031319093 -0.02573907 0.0225626454 -0.0452719517 -0.108780578 -0.0991845652 -0.148840129 -0.0846346542 -0.147183731 0.0318146907 -0.0516998284 0.100550368 0.122808762 0.144400015 0.0623806752 -0.0377749167 0.174555808 0.117136091 -0.104328461 -0.00226042769 0.122104913 0.0826526135 -0.0564070903 -0.0508347452 -0.00569102168 0.157873347 0.0696160942 -0.15491578 0.143440425 0.0344287567 0.0045446232 0.151508555 -0.112151094 -0.128758729 -0.0194493476 -0.0776739046 -0.0263275616 0.109168313 -0.0318808891 -0.153901085 -0.0938793793 0.165417776 0.0700416714 0.121075936 -0.038048517 0.0644791201 -0.0341249779 -0.0900132805 0.0750669613 0.0183963403 -0.024620764 -0.0248507317 0.0470728092 0.0717182606 -0.0524621382 0.0818643272 0.0776735619 0.146501556 0.099885866 0.135902718 0.0512589701 -0.164957702 0.113451511 -0.0594652593 -0.0417659394 -0.0708798021 0.0692657158 0.0916572884 -0.0854880437 0.0447586589 -0.0193980914 -0.0245440658 0.0647157207 -0.170302689 0.15225856 0.0382083356 -0.0967987254 -0.0696180835 0.0123661449 0.169511765 -0.0941916779 0.088520132 0.0706467256 -0.136440024 -0.004069624 0.0556696914 -0.0347391292 -0.136966243 -0.0778487548 -0.120630257 -0.13259688 -0.125282526 -0.000361395156 0.0219399203 -0.159079447 0.0419786535 0.0647965595 -0.0795474127 -0.0503068082 -0.164934114 -0.0774197057 -0.064852953 -0.0349380635 -0.0348316431 0.146208927 0.0980084464 0.086556308 -0.15343678 0.126713723 -0.163259447 -0.0779351667 0.0109055806 -0.0776242018 -0.00884030946 0.107682005 0.159123734 0.0936840102 0.0915921032 -0.0616772994 0.0886982307 0.103083149 -0.0242340844 0.102674857 -0.174808025 -0.148265943 -0.124772921 0.127390623 -0.0269563943 -0.0464820676 -0.0174081065 -0.101399809 0.0719093233 0.110917851 -0.0938070938 0.128844649 -0.102061987 0.16678527 0.135133266 0.145363763 -0.149428293 0.149268582 -0.0743206292 0.0371863507 -0.153986156 -0.143136606 0.0273132343 0.011977884 -0.0755162537 0.107629582 0.0465802178 -0.0832241699 -0.107302226 0.0664625093 0.00492981216 0.108348563 0.114677683 0.0906594247 -0.0262953695 0.0972056538 -0.0771590471 -0.0880054608 0.0190889612 0.049412027 0.0987802222 -0.131142855 0.135181144 -0.0818131343 -0.13668552 0.0462082177 0.171737254 0.0169444308 -0.12546888 0.167190999 -0.124708883 0.101232477 0.129795775 0.00369877019 -0.0538704395 0.028483944 0.00328935334 -0.165032163 -0.057579428 0.079875879 -0.0306530185 0.0232237522 -0.160387263 0.0922851786 -0.0572174601 0.0289304908 -0.0858616382 -0.133953258 -0.126619443 0.145993516 0.116012342 -0.0860973448 -0.0144306375 -0.0117678605 -0.0490219072 -0.0029132145 0.0385391638 -0.172391549 0.0410302803 0.0249880925 0.0293915737 0.166462973 0.0422189683 -0.104537651 0.109875537 -0.021496933 -0.028486751 0.166801646 -0.0778490081 -0.100546032 -0.0942162275 -0.0260964744 -0.000230234771 -0.0313217044 -0.0702408701 0.171606287 -0.154646471 0.0440703668 -0.0359936617 0.0161361042 0.139765039 -0.0268741865 -0.0595223121 0.0463479199 -0.0649236515 -0.172492534 -0.134634718 0.115865648 0.0586519428 0.155931696 -0.0629370883 0.0735057965 0.171542078 0.0207014307 0.159422204 -0.0198074989 0.0224313475 -0.16916129 0.031025622 0.0716289207 -0.167352706 0.0580696762 0.000868545379 0.147729754 0.098916024 0.0950240716 0.0609292872 -0.0283094887 -0.032531701 -0.161053613 0.0551727712 -0.164661318 0.0504699349 0.0589133725 0.0181995966 0.124791361 -0.0996819064 0.000173181252 0.0582949966 0.0803153291 -0.0895358548 0.0940169618 0.0192035306 0.0417762585 0.174340189 -0.138099775 -0.000231075173 -0.100139581 -0.124435462 0.0657509416 0.116141289 0.0219310261 -0.0697043538 -0.057163693 -0.147816837 -0.0878914669 0.0342556424 -0.139953077 0.0580700599 -0.160089836 -0.0373573564 -0.124546029 -0.0853441954 -0.0410958678 -0.12016961 -0.0906741247 -0.160652339 0.065992713 0.0377030447 0.0577422604 -0.068631947 -0.162750542 -0.0969900042 0.118504979 -0.0887816399 0.10322085 -0.12377388 0.153062895 0.0791693032 -0.126708195 0.146534503 -0.0485178977 0.163558722 -0.162214011 -0.144727081 0.0547556579 0.0370986126 -0.140178025 -0.00899042096 -0.12414661 0.0343856961 0.152879491 -0.162145406 0.0580775701 -0.122647546 0.00256145676 0.00428031338 -0.127645224 0.0416480787 0.0871533826 -0.00278285844 -0.0790841952 -0.0625817552 -0.0209647734 0.144720674 -0.101824366 -0.0670522228 -0.0514806099 -0.128057912 0.0735796094 -0.109809652 0.00414537778 0.160623014 -0.0906309336 -0.152972877 0.152455926 0.16211845 0.0773743242 0.0631179437 0.00910288841 0.0597602874 -0.0462189242 0.051710777 0.174714118 -0.0603911951 0.050914105 0.00699555688 -0.00710296957 -0.130871505 -0.176526129 -0.0670964047 -0.134036288 -0.0746781155 0.080425702 0.0456487313 0.0493028946 -0.0652959645 0.151682317 0.0757818222 0.133372054 -0.131679416 -0.0629038587 0.052702494 0.169247046 -0.0746578872 -0.140307486 -0.121830635 -0.144906431 -0.088190183 0.0258576255 -0.167799369 -0.104698777 -0.0148813259 0.0709069595 -0.0164606441 0.0302908495 -0.0601945557 -0.144673437 0.166778281 0.0314129032 0.0138196936 0.012483323 0.0392554328 0.0415298603 -0.0592245013 0.0227447134 -0.176631093 0.00747169973 -0.144801021 0.149279863 0.00902723521 0.0999542847 0.0187521838 -0.0578286089 0.138863295 -0.161112681 -0.143706262 -0.0906858221 0.014289733 0.0154114189 -0.0371702574 -0.0197102074 0.0250096712 0.15226385 0.159282818 0.0897266865 -0.0986679196 -0.0414607301 0.0128500946 -0.0957667157 0.156418055 -0.0864859 0.0542287491 0.0802204013 -0.0800480992 0.0322352275 0.0496843532 -0.14896813 0.0548215322 -0.0330542214 0.113182083 -0.141533405 -0.0854640603 0.0117678512 -0.107116885 -0.153503075 0.00578736188 0.0315936357 -0.169272736 -0.103051849 -0.059934672 0.0924162567 -0.0505406596 0.00338337431 0.161298811 0.0375616103 0.0441465527 0.0762948468 0.0214855988 0.0681212246 -0.0414592586 -0.109128952 -0.1545479 -0.16463767 -0.0340795852 0.0975665301 0.102562591 -0.121387407 -0.0494497567 -0.114946716 0.0363845043 -0.0732232109 -0.0865803733 0.00219489029 -0.081519872 -0.0998433456 0.13660793 -0.0797891766 -0.0397590026 -0.0315004513 0.126778349 0.11344628 -0.12321762 -0.151527002 0.154605642 0.168131933 0.176534474 -0.158088669 0.0239276625 0.0023624443 0.0897682309 0.0345597155 0.154547855 0.105066665 0.0394756496 0.174092874 0.172320992 0.134231836 -0.0796010196 -0.11647778 -0.151332691 -0.166004062 -0.157439709 0.0851809755 0.11269363 0.0375778601 -0.0447705276 -0.137071446 -0.123600148 -0.152628228 0.0710028112 -0.104291819 -0.0412293524 0.168906391 -0.0764244422 -0.0581939854 0.0541282073 -0.180514947 -0.157096252 0.0717548355
